ID	POP	Lat	Long
1	BLA14	44.91619437	-0.637893677
2	BLA41	44.91619437	-0.637893677
3	BLA42	44.91619437	-0.637893677
4	BLA43	44.91619437	-0.637893677
5	BLA44	44.91619437	-0.637893677
6	BLA45	44.91619437	-0.637893677
7	BLA47	44.91619437	-0.637893677
8	BLA48	44.91619437	-0.637893677
9	BLA100	44.91619437	-0.637893677
10	BLA102	44.91619437	-0.637893677
11	BLA103	44.91619437	-0.637893677
12	BLA104	44.91619437	-0.637893677
13	BLA108	44.91619437	-0.637893677
14	BLA110	44.91619437	-0.637893677
15	BLA111	44.91619437	-0.637893677
16	BLA119	44.91619437	-0.637893677
17	BLA123	44.91619437	-0.637893677
18	BLA124	44.91619437	-0.637893677
19	CUS5	45.89765453	0.856933594
20	CUS6	45.89765453	0.856933594
21	CUS10	45.89765453	0.856933594
22	CUS11	45.89765453	0.856933594
23	CUS12	45.89765453	0.856933594
24	CUS13	45.89765453	0.856933594
25	CUS15	45.89765453	0.856933594
26	CUS18	45.89765453	0.856933594
27	CUS19	45.89765453	0.856933594
28	CUS20	45.89765453	0.856933594
29	CUS21	45.89765453	0.856933594
30	CUS22	45.89765453	0.856933594
31	CUS27	45.89765453	0.856933594
32	CUS29	45.89765453	0.856933594
33	CUS30	45.89765453	0.856933594
34	CUS34	45.89765453	0.856933594
35	CUS35	45.89765453	0.856933594
36	CUS44	45.89765453	0.856933594
37	CUS51	45.89765453	0.856933594
38	CUS53	45.89765453	0.856933594
39	CUS54	45.89765453	0.856933594
40	PAU46	45.20526346	-0.748786926
41	PAU47	45.20526346	-0.748786926
42	PAU48	45.20526346	-0.748786926
43	PAU49	45.20526346	-0.748786926
44	PAU50	45.20526346	-0.748786926
45	PAU51	45.20526346	-0.748786926
46	PAU52	45.20526346	-0.748786926
47	PAU53	45.20526346	-0.748786926
48	PAU62	45.20526346	-0.748786926
49	PAU63	45.20526346	-0.748786926
50	PAU64	45.20526346	-0.748786926
51	PAU65	45.20526346	-0.748786926
52	PAU66	45.20526346	-0.748786926
53	PAU67	45.20526346	-0.748786926
54	PAU68	45.20526346	-0.748786926
55	PAU78	45.20526346	-0.748786926
56	PAU79	45.20526346	-0.748786926
57	PAU80	45.20526346	-0.748786926
58	PAU81	45.20526346	-0.748786926
59	PAU82	45.20526346	-0.748786926
60	PAU83	45.20526346	-0.748786926
61	PAU84	45.20526346	-0.748786926
62	COU230	45.12974228	-0.634460449
63	COU231	45.12974228	-0.634460449
64	COU232	45.12974228	-0.634460449
65	COU234	45.12974228	-0.634460449
66	COU236	45.12974228	-0.634460449
67	COU237	45.12974228	-0.634460449
68	COU238	45.12974228	-0.634460449
69	COU239	45.12974228	-0.634460449
70	COU241	45.12974228	-0.634460449
71	COU243	45.12974228	-0.634460449
72	COU244	45.12974228	-0.634460449
73	COU245	45.12974228	-0.634460449
74	COU248	45.12974228	-0.634460449
75	COU250	45.12974228	-0.634460449
76	COU251	45.12974228	-0.634460449
77	COU254	45.12974228	-0.634460449
78	COU257	45.12974228	-0.634460449
79	COU258	45.12974228	-0.634460449
80	COU259	45.12974228	-0.634460449
81	COU261	45.12974228	-0.634460449
82	COU262	45.12974228	-0.634460449
83	COU263	45.12974228	-0.634460449
84	COU264	45.12974228	-0.634460449
85	COU266	45.12974228	-0.634460449
86	COU268	45.12974228	-0.634460449
87	CGU8	44.91619437	-0.617980957
88	CGU14	44.91619437	-0.617980957
89	CGU16	44.91619437	-0.617980957
90	CGU17	44.91619437	-0.617980957
91	CGU21	44.91619437	-0.617980957
92	CGU23	44.91619437	-0.617980957
93	CGU24	44.91619437	-0.617980957
94	CGU26	44.91619437	-0.617980957
95	CGU27	44.91619437	-0.617980957
96	CGU28	44.91619437	-0.617980957
97	CGU29	44.91619437	-0.617980957
98	CGU30	44.91619437	-0.617980957
99	CGU32	44.91619437	-0.617980957
100	CGU33	44.91619437	-0.617980957
101	CGU34	44.91619437	-0.617980957
102	CGU35	44.91619437	-0.617980957
103	CGU36	44.91619437	-0.617980957
104	CGU38	44.91619437	-0.617980957
105	CGU39	44.91619437	-0.617980957
106	CGU42	44.91619437	-0.617980957
107	CGU43	44.91619437	-0.617980957
108	CGU44	44.91619437	-0.617980957
109	DIJ01	47.33300596	5.0440979
110	DIJ02	47.33300596	5.0440979
111	DIJ03	47.33300596	5.0440979
112	DIJ12	47.33300596	5.0440979
113	DIJ10	47.33300596	5.0440979
114	DIJ11	47.33300596	5.0440979
115	DIJ07	47.33300596	5.0440979
116	DIJ09	47.33300596	5.0440979
117	SAV01	47.07433074	4.821624756
118	SAV04	47.07433074	4.821624756
119	SAV05	47.07433074	4.821624756
120	SAV06	47.07433074	4.821624756
121	SAV07	47.07433074	4.821624756
122	SAV12	47.07433074	4.821624756
123	GNO01	48.25211235	4.649963379
124	GNO02	48.25211235	4.649963379
125	GNO04	48.25211235	4.649963379
126	GNO05	48.25211235	4.649963379
127	GNO08	48.25211235	4.649963379
128	GNO11	48.25211235	4.649963379
129	GNO12	48.25211235	4.649963379
130	GNO13	48.25211235	4.649963379
131	GNO14	48.25211235	4.649963379
132	GNO15	48.25211235	4.649963379
133	GNO16	48.25211235	4.649963379
134	GNO17	48.25211235	4.649963379
135	GNO19	48.25211235	4.649963379
136	GNO20	48.25211235	4.649963379
137	GNO21	48.25211235	4.649963379
138	GNO26	48.25211235	4.649963379
139	GNO27	48.25211235	4.649963379
140	GNO29	48.25211235	4.649963379
141	RTE01	48.20271029	4.449462891
142	RTE02	48.20271029	4.449462891
143	RTE04	48.20271029	4.449462891
144	RTE06	48.20271029	4.449462891
145	RTE08	48.20271029	4.449462891
146	RTE13	48.20271029	4.449462891
147	RTE14	48.20271029	4.449462891
148	RTE15	48.20271029	4.449462891
149	RTE16	48.20271029	4.449462891
150	RTE17	48.20271029	4.449462891
151	RTE18	48.20271029	4.449462891
152	RTE19	48.20271029	4.449462891
153	RTE20	48.20271029	4.449462891
154	RTE21	48.20271029	4.449462891
155	RTE22	48.20271029	4.449462891
156	RTE24	48.20271029	4.449462891
157	RTE25	48.20271029	4.449462891
158	RTE26	48.20271029	4.449462891
159	RTE27	48.20271029	4.449462891
160	RTE28	48.20271029	4.449462891
161	RTE29	48.20271029	4.449462891
162	RTE30	48.20271029	4.449462891
163	BER02	48.90174065	4.004516602
164	BER03	48.90174065	4.004516602
165	BER05	48.90174065	4.004516602
166	BER06	48.90174065	4.004516602
167	BER07	48.90174065	4.004516602
168	BER09	48.90174065	4.004516602
169	BER10	48.90174065	4.004516602
170	BER11	48.90174065	4.004516602
171	BER12	48.90174065	4.004516602
172	BER14	48.90174065	4.004516602
173	BER15	48.90174065	4.004516602
174	BER17	48.90174065	4.004516602
175	BER18	48.90174065	4.004516602
176	BER19	48.90174065	4.004516602
177	BER20	48.90174065	4.004516602
178	BER21	48.90174065	4.004516602
179	BER22	48.90174065	4.004516602
180	BER23	48.90174065	4.004516602
181	BER24	48.90174065	4.004516602
182	BER25	48.90174065	4.004516602
183	BER26	48.90174065	4.004516602
184	BER27	48.90174065	4.004516602
185	BER28	48.90174065	4.004516602
186	ILL01	49.17452152	3.262939453
187	ILL02	49.17452152	3.262939453
188	ILL03	49.17452152	3.262939453
189	ILL04	49.17452152	3.262939453
190	ILL05	49.17452152	3.262939453
191	ILL06	49.17452152	3.262939453
192	ILL07	49.17452152	3.262939453
193	ILL08	49.17452152	3.262939453
194	ILL09	49.17452152	3.262939453
195	ILL10	49.17452152	3.262939453
196	ILL11	49.17452152	3.262939453
197	ILL13	49.17452152	3.262939453
198	ILL14	49.17452152	3.262939453
199	ILL15	49.17452152	3.262939453
200	ILL16	49.17452152	3.262939453
201	ILL17	49.17452152	3.262939453
202	ILL18	49.17452152	3.262939453
203	ILL19	49.17452152	3.262939453
204	ILL20	49.17452152	3.262939453
205	ILL21	49.17452152	3.262939453
206	ILL22	49.17452152	3.262939453
207	ILL23	49.17452152	3.262939453
208	ILL24	49.17452152	3.262939453
209	ILL25	49.17452152	3.262939453
210	ILL26	49.17452152	3.262939453
211	ILL27	49.17452152	3.262939453
212	ILL28	49.17452152	3.262939453
213	ILL30	49.17452152	3.262939453
214	RIL01	49.25346477	4.048461914
215	RIL02	49.25346477	4.048461914
216	RIL03	49.25346477	4.048461914
217	RIL05	49.25346477	4.048461914
218	RIL07	49.25346477	4.048461914
219	RIL08	49.25346477	4.048461914
220	RIL09	49.25346477	4.048461914
221	RIL10	49.25346477	4.048461914
222	RIL11	49.25346477	4.048461914
223	RIL13	49.25346477	4.048461914
224	RIL14	49.25346477	4.048461914
225	RIL15	49.25346477	4.048461914
226	RIL17	49.25346477	4.048461914
227	RIL18	49.25346477	4.048461914
228	RIL19	49.25346477	4.048461914
229	RIL21	49.25346477	4.048461914
230	RIL22	49.25346477	4.048461914
231	RIL23	49.25346477	4.048461914
232	RIL24	49.25346477	4.048461914
233	RIL25	49.25346477	4.048461914
234	RIL27	49.25346477	4.048461914
235	RIL28	49.25346477	4.048461914
236	RIL29	49.25346477	4.048461914
237	RIL30	49.25346477	4.048461914
238	RIL31	49.25346477	4.048461914
239	RIL33	49.25346477	4.048461914
240	RIL34	49.25346477	4.048461914
241	RIL35	49.25346477	4.048461914
242	RIL36	49.25346477	4.048461914
243	RIL37	49.25346477	4.048461914
244	RIL38	49.25346477	4.048461914
245	RIL40	49.25346477	4.048461914
246	VAN02	49.04506962	4.724121094
247	VAN03	49.04506962	4.724121094
248	VAN05	49.04506962	4.724121094
249	VAN06	49.04506962	4.724121094
250	VAN07	49.04506962	4.724121094
251	VAN08	49.04506962	4.724121094
252	VAN09	49.04506962	4.724121094
253	VAN10	49.04506962	4.724121094
254	VAN11	49.04506962	4.724121094
255	VAN12	49.04506962	4.724121094
256	VAN13	49.04506962	4.724121094
257	VAN15	49.04506962	4.724121094
258	VAN16	49.04506962	4.724121094
259	VAN20	49.04506962	4.724121094
260	VAN21	49.04506962	4.724121094
261	VAN24	49.04506962	4.724121094
262	VAN25	49.04506962	4.724121094
263	VAN27	49.04506962	4.724121094
264	VAN30	49.04506962	4.724121094
265	VAN31	49.04506962	4.724121094
266	VAN32	49.04506962	4.724121094
267	VAN33	49.04506962	4.724121094
268	VAN34	49.04506962	4.724121094
269	CFE02	43.01268089	2.373046875
270	CFE04	43.01268089	2.373046875
271	CFE06	43.01268089	2.373046875
272	CFE07	43.01268089	2.373046875
273	CFE08	43.01268089	2.373046875
274	CFE09	43.01268089	2.373046875
275	CFE10	43.01268089	2.373046875
276	CFE11	43.01268089	2.373046875
277	CFE12	43.01268089	2.373046875
278	CFE13	43.01268089	2.373046875
279	CFE14	43.01268089	2.373046875
280	CFE15	43.01268089	2.373046875
281	CFE16	43.01268089	2.373046875
282	CFE17	43.01268089	2.373046875
283	CFE18	43.01268089	2.373046875
284	CFE19	43.01268089	2.373046875
285	CFE20	43.01268089	2.373046875
286	CFE21	43.01268089	2.373046875
287	CFE22	43.01268089	2.373046875
288	SGF06	42.54878069	2.896957397
289	SGF14	42.54878069	2.896957397
290	MDA02	42.52297685	2.881507874
291	MDA03	42.52297685	2.881507874
292	MDA05	42.52297685	2.881507874
293	MDA07	42.52297685	2.881507874
294	MDA08	42.52297685	2.881507874
295	MDA18	42.52297685	2.881507874
296	ALC11b	42.64140942	2.981071472
297	ALC14	42.64140942	2.981071472
298	MON20	44.09547573	1.900634766
299	MON24	44.09547573	1.900634766
300	MON29	44.09547573	1.900634766
301	MON30	44.09547573	1.900634766
302	MON31	44.09547573	1.900634766
303	MON32	44.09547573	1.900634766
304	MON33	44.09547573	1.900634766
305	MON35	44.09547573	1.900634766
306	MON37	44.09547573	1.900634766
307	MON38	44.09547573	1.900634766
308	MON39	44.09547573	1.900634766
309	MON40	44.09547573	1.900634766
310	MON41	44.09547573	1.900634766
311	MON42	44.09547573	1.900634766
312	MON43	44.09547573	1.900634766
313	MON44	44.09547573	1.900634766
314	MON52	44.09547573	1.900634766
315	MON53	44.09547573	1.900634766
316	MON54	44.09547573	1.900634766
317	MON55	44.09547573	1.900634766
318	MON59	44.09547573	1.900634766
319	IRG03	43.18089671	-1.300506592
320	IRG04	43.18089671	-1.300506592
321	IRG05	43.18089671	-1.300506592
322	IRG20	43.18089671	-1.300506592
323	JUR01	43.28970177	-0.386238098
324	JUR02	43.28970177	-0.386238098
325	JUR03	43.28970177	-0.386238098
326	JUR05	43.28970177	-0.386238098
327	JUR06	43.28970177	-0.386238098
328	JUR07	43.28970177	-0.386238098
329	JUR09	43.28970177	-0.386238098
330	JUR10b	43.28970177	-0.386238098
331	JUR11	43.28970177	-0.386238098
332	JUR12	43.28970177	-0.386238098
333	JUR13	43.28970177	-0.386238098
334	JUR14	43.28970177	-0.386238098
335	JUR15	43.28970177	-0.386238098
336	JUR16	43.28970177	-0.386238098
337	JUR17	43.28970177	-0.386238098
338	JUR18	43.28970177	-0.386238098
339	JUR19	43.28970177	-0.386238098
340	JUR20	43.28970177	-0.386238098
341	JUR21	43.28970177	-0.386238098
342	JUR22	43.28970177	-0.386238098
343	JUR23	43.28970177	-0.386238098
344	DIV01a	43.56360088	-0.138874054
345	DIV02	43.56360088	-0.138874054
346	DIV03	43.56360088	-0.138874054
347	DIV04	43.56360088	-0.138874054
348	DIV05	43.56360088	-0.138874054
349	DIV06	43.56360088	-0.138874054
350	DIV07	43.56360088	-0.138874054
351	DIV08	43.56360088	-0.138874054
352	DIV09	43.56360088	-0.138874054
353	DIV10	43.56360088	-0.138874054
354	DIV11	43.56360088	-0.138874054
355	DIV12	43.56360088	-0.138874054
356	DIV13	43.56360088	-0.138874054
357	DIV14	43.56360088	-0.138874054
358	DIV15	43.56360088	-0.138874054
359	DIV16	43.56360088	-0.138874054
360	DIV17	43.56360088	-0.138874054
361	DIV18	43.56360088	-0.138874054
362	DIV19a	43.56360088	-0.138874054
363	DIV19b	43.56360088	-0.138874054
364	DIV20	43.56360088	-0.138874054
365	DIV21	43.56360088	-0.138874054
366	DIV22	43.56360088	-0.138874054
367	DIV23	43.56360088	-0.138874054
368	DIV24	43.56360088	-0.138874054
369	DIV25a	43.56360088	-0.138874054
370	DIV25b	43.56360088	-0.138874054
371	GAL18	44.79694175	0.491466522
372	GAL19	44.79694175	0.491466522
373	GAL20	44.79694175	0.491466522
374	GAL21	44.79694175	0.491466522
375	GAL27	44.79694175	0.491466522
376	GAL30	44.79694175	0.491466522
377	GAL31	44.79694175	0.491466522
378	GAL32	44.79694175	0.491466522
379	GAL33	44.79694175	0.491466522
380	GAL35	44.79694175	0.491466522
381	GAL36	44.79694175	0.491466522
382	GAL37	44.79694175	0.491466522
383	GAL38	44.79694175	0.491466522
384	GAL39	44.79694175	0.491466522
385	GAL40	44.79694175	0.491466522
386	GAL43	44.79694175	0.491466522
387	GAL44	44.79694175	0.491466522
388	TRS01	44.00862012	-0.417480469
389	TRS02	44.00862012	-0.417480469
390	TRS03	44.00862012	-0.417480469
391	TRS04	44.00862012	-0.417480469
392	TRS05	44.00862012	-0.417480469
393	TRS07	44.00862012	-0.417480469
394	TRS08	44.00862012	-0.417480469
395	TRS09	44.00862012	-0.417480469
396	TRS10a	44.00862012	-0.417480469
397	TRS13	44.00862012	-0.417480469
398	TRS18	44.00862012	-0.417480469
399	TRS19	44.00862012	-0.417480469
400	TRS20	44.00862012	-0.417480469
401	TRS21	44.00862012	-0.417480469
402	TRS10b	44.00862012	-0.417480469
403	LDV7	47.62190105	-0.468292236
404	LDV8	47.62190105	-0.468292236
405	LDV9	47.62190105	-0.468292236
406	LDV13	47.62190105	-0.468292236
407	LDV15	47.62190105	-0.468292236
408	LDV16	47.62190105	-0.468292236
409	LDV17	47.62190105	-0.468292236
410	LDV18	47.62190105	-0.468292236
411	LDV22	47.62190105	-0.468292236
412	LDV23	47.62190105	-0.468292236
413	LDV24	47.62190105	-0.468292236
414	LDV25	47.62190105	-0.468292236
415	LDV26	47.62190105	-0.468292236
416	LDV27	47.62190105	-0.468292236
417	MAR36	47.60616304	-0.439453125
418	MAR37	47.60616304	-0.439453125
419	MAR43	47.60616304	-0.439453125
420	MAR46	47.60616304	-0.439453125
421	MAR47	47.60616304	-0.439453125
422	MAR48	47.60616304	-0.439453125
423	MAR51	47.60616304	-0.439453125
424	MAR54	47.60616304	-0.439453125
425	MAR58	47.60616304	-0.439453125
426	MAR62	47.60616304	-0.439453125
427	MAR66	47.60616304	-0.439453125
428	MAR69	47.60616304	-0.439453125
429	BOS5	47.57328311	2.837905884
430	BOS6	47.57328311	2.837905884
431	BOS8	47.57328311	2.837905884
432	BOS9	47.57328311	2.837905884
433	BOS12	47.57328311	2.837905884
434	BOS13	47.57328311	2.837905884
435	BOS14	47.57328311	2.837905884
436	BOS15	47.57328311	2.837905884
437	BOS16	47.57328311	2.837905884
438	BOS17	47.57328311	2.837905884
439	BOS19	47.57328311	2.837905884
440	BOS20	47.57328311	2.837905884
441	TOU1	47.39602521	0.688705444
442	TOU4	47.39602521	0.688705444
443	TOU7	47.39602521	0.688705444
444	TOU15	47.39602521	0.688705444
445	TOU16	47.39602521	0.688705444
446	TOU19	47.39602521	0.688705444
447	BEL4	47.33254059	-0.663986206
448	BEL9	47.33254059	-0.663986206
449	BEL23	47.33254059	-0.663986206
450	BEL24	47.33254059	-0.663986206
451	BEL25	47.33254059	-0.663986206
452	BEL27	47.33254059	-0.663986206
453	BEL28	47.33254059	-0.663986206
454	BEL29	47.33254059	-0.663986206
455	BEL31	47.33254059	-0.663986206
456	BEL32	47.33254059	-0.663986206
457	BEL33	47.33254059	-0.663986206
458	BEL35	47.33254059	-0.663986206
459	BEL40	47.33254059	-0.663986206
460	PIZ01	46.36209301	4.669189453
461	PIZ03	46.36209301	4.669189453
462	PIZ04	46.36209301	4.669189453
463	PIZ05	46.36209301	4.669189453
464	PIZ06	46.36209301	4.669189453
465	PIZ07	46.36209301	4.669189453
466	PIZ08	46.36209301	4.669189453
467	PIZ10	46.36209301	4.669189453
468	PIZ12	46.36209301	4.669189453
469	PIZ13	46.36209301	4.669189453
470	PIZ14	46.36209301	4.669189453
471	PIZ15	46.36209301	4.669189453
472	NIM1	43.84690817	4.36088562
473	NIM2	43.84690817	4.36088562
474	NIM3	43.84690817	4.36088562
475	NIM13	43.84690817	4.36088562
476	NIM14	43.84690817	4.36088562
477	NIM25	43.84690817	4.36088562
478	NIM26	43.84690817	4.36088562
479	NIM27	43.84690817	4.36088562
480	NIM39	43.84690817	4.36088562
481	NIM40	43.84690817	4.36088562
482	NIM50	43.84690817	4.36088562
483	NIM51	43.84690817	4.36088562
484	NIM52	43.84690817	4.36088562
485	NIM62	43.84690817	4.36088562
486	NIM63	43.84690817	4.36088562
487	NIM64	43.84690817	4.36088562
488	NIM74	43.84690817	4.36088562
489	NIM76	43.84690817	4.36088562
490	NIM85	43.84690817	4.36088562
491	VOT01.05	44.40239183	4.877929688
492	VOT06	44.40239183	4.877929688
493	VOT07	44.40239183	4.877929688
494	VOT08	44.40239183	4.877929688
495	VOT09	44.40239183	4.877929688
496	VOT10	44.40239183	4.877929688
497	VOT13	44.40239183	4.877929688
498	VOT14	44.40239183	4.877929688
499	VOT15	44.40239183	4.877929688
500	VOT16	44.40239183	4.877929688
501	VOT17	44.40239183	4.877929688
502	VOT18	44.40239183	4.877929688
503	VOT19	44.40239183	4.877929688
504	COR02	44.40239183	4.877929688
505	COR03	44.40239183	4.877929688
506	COR04	44.40239183	4.877929688
507	COR05	44.40239183	4.877929688
508	COR06	44.40239183	4.877929688
509	COR07	44.40239183	4.877929688
510	COR08	44.40239183	4.877929688
511	COR10	44.40239183	4.877929688
512	COR11	44.40239183	4.877929688
513	COR12	44.40239183	4.877929688
514	COR13	44.40239183	4.877929688
515	COR14	44.40239183	4.877929688
516	COR15	44.40239183	4.877929688
517	COR16	44.40239183	4.877929688
518	COR17	44.40239183	4.877929688
519	COR18	44.40239183	4.877929688
520	FRE23	48.0161091	7.853851318
521	FRE24	48.0161091	7.853851318
522	FRE30	48.0161091	7.853851318
523	FRE40	48.0161091	7.853851318
524	FRE41	48.0161091	7.853851318
525	FRE42	48.0161091	7.853851318
526	FRE52	48.0161091	7.853851318
527	FRE61	48.0161091	7.853851318
528	FRE63	48.0161091	7.853851318
529	FRE65	48.0161091	7.853851318
530	FRE66	48.0161091	7.853851318
531	FRE67	48.0161091	7.853851318
532	FRE73	48.0161091	7.853851318
533	FRE74	48.0161091	7.853851318
534	FRE77	48.0161091	7.853851318
535	FRE79	48.0161091	7.853851318
536	FRE80	48.0161091	7.853851318
537	GUN5	52.05249048	8.349609375
538	GUN9	52.05249048	8.349609375
539	GUN12	52.05249048	8.349609375
540	GUN13	52.05249048	8.349609375
541	GUN14	52.05249048	8.349609375
542	GUN15	52.05249048	8.349609375
543	GUN16	52.05249048	8.349609375
544	GUN17	52.05249048	8.349609375
545	GUN20	52.05249048	8.349609375
546	ERB11	50.81981826	9.008789063
547	ERB12	50.81981826	9.008789063
548	ERB15	50.81981826	9.008789063
549	ERB16	50.81981826	9.008789063
550	ERB17	50.81981826	9.008789063
551	ERB18	50.81981826	9.008789063
552	ERB19	50.81981826	9.008789063
553	ERB21	50.81981826	9.008789063
554	GRC161	39.75611493	20.65195799
555	GRC162	39.75611493	20.65195799
556	GRC163	39.75611493	20.65195799
557	GRC164	39.75611493	20.65195799
558	GRC166	39.75611493	20.65195799
559	GRC168	39.75611493	20.65195799
560	GRC169	39.75611493	20.65195799
561	GRC170	39.75611493	20.65195799
562	GRC171	39.75611493	20.65195799
563	GRC172	39.75611493	20.65195799
564	GRC173	39.75611493	20.65195799
565	GRC174	39.75611493	20.65195799
566	GRC176	39.75611493	20.65195799
567	GRC177	39.75611493	20.65195799
568	GRC178	39.75611493	20.65195799
569	GRC179	39.75611493	20.65195799
570	GRC180	39.75611493	20.65195799
571	GRC181	39.75611493	20.65195799
572	GRC182	39.75611493	20.65195799
573	GRC183	39.75611493	20.65195799
574	GRC184	39.75611493	20.65195799
575	GRC185	39.75611493	20.65195799
576	GRC186	39.75611493	20.65195799
577	GRC187	39.75611493	20.65195799
578	GRC188	39.75611493	20.65195799
579	GRC189	39.75611493	20.65195799
580	GRC190	39.75611493	20.65195799
581	GRC191	39.75611493	20.65195799
582	GRC192	39.75611493	20.65195799
583	GRC98	38.29748134	21.7364502
584	GRC99	38.29748134	21.7364502
585	GRC100	38.29748134	21.7364502
586	GRC101	38.29748134	21.7364502
587	GRC102	38.29748134	21.7364502
588	GRC103	38.29748134	21.7364502
589	GRC106	38.29748134	21.7364502
590	GRC107	38.29748134	21.7364502
591	GRC108	38.29748134	21.7364502
592	GRC109	38.29748134	21.7364502
593	GRC110	38.29748134	21.7364502
594	GRC111	38.29748134	21.7364502
595	GRC112	38.29748134	21.7364502
596	GRC113	38.29748134	21.7364502
597	GRC114	38.29748134	21.7364502
598	GRC116	38.29748134	21.7364502
599	GRC117	38.29748134	21.7364502
600	GRC118	38.29748134	21.7364502
601	GRC119	38.29748134	21.7364502
602	GRC120	38.29748134	21.7364502
603	GRC121	38.29748134	21.7364502
604	GRC122	38.29748134	21.7364502
605	GRC123	38.29748134	21.7364502
606	GRC124	38.29748134	21.7364502
607	GRC125	38.29748134	21.7364502
608	GRC126	38.29748134	21.7364502
609	GRC127	38.29748134	21.7364502
610	GRC128	38.29748134	21.7364502
611	GRC129	39.90558838	22.54649878
612	GRC130	39.90558838	22.54649878
613	GRC131	39.90558838	22.54649878
614	GRC132	39.90558838	22.54649878
615	GRC133	39.90558838	22.54649878
616	GRC135	39.90558838	22.54649878
617	GRC136	39.90558838	22.54649878
618	GRC137	39.90558838	22.54649878
619	GRC138	39.90558838	22.54649878
620	GRC139	39.90558838	22.54649878
621	GRC140	39.90558838	22.54649878
622	GRC141	39.90558838	22.54649878
623	GRC142	39.90558838	22.54649878
624	GRC144	39.90558838	22.54649878
625	GRC145	39.90558838	22.54649878
626	GRC146	39.90558838	22.54649878
627	GRC147	39.90558838	22.54649878
628	GRC148	39.90558838	22.54649878
629	GRC149	39.90558838	22.54649878
630	GRC150	39.90558838	22.54649878
631	GRC151	39.90558838	22.54649878
632	GRC152	39.90558838	22.54649878
633	GRC153	39.90558838	22.54649878
634	GRC154	39.90558838	22.54649878
635	GRC155	39.90558838	22.54649878
636	GRC156	39.90558838	22.54649878
637	GRC157	39.90558838	22.54649878
638	GRC158	39.90558838	22.54649878
639	THE01	39.90552254	22.30224609
640	THE02	39.90552254	22.30224609
641	THE03	39.90552254	22.30224609
642	THE04	39.90552254	22.30224609
643	THE05	39.90552254	22.30224609
644	THE06	39.90552254	22.30224609
645	THE07	39.90552254	22.30224609
646	THE09	39.90552254	22.30224609
647	THE10	39.90552254	22.30224609
648	THE11	39.90552254	22.30224609
649	THE12	39.90552254	22.30224609
650	THE13	39.90552254	22.30224609
651	THE14	39.90552254	22.30224609
652	THE15	39.90552254	22.30224609
653	THE16	39.90552254	22.30224609
654	THE18	39.90552254	22.30224609
655	THE20	39.90552254	22.30224609
656	THE21	39.90552254	22.30224609
657	THE22	39.90552254	22.30224609
658	THE23	39.90552254	22.30224609
659	THE24	39.90552254	22.30224609
660	ALB3	45.01918507	8.031005859
661	ALB5	45.01918507	8.031005859
662	ALB7	45.01918507	8.031005859
663	ALB8	45.01918507	8.031005859
664	ALB10	45.01918507	8.031005859
665	ALB09	45.01918507	8.031005859
666	ALB06	45.01918507	8.031005859
667	MAL24	43.5472417	11.31360054
668	MAL23	43.5472417	11.31360054
669	MAL22	43.5472417	11.31360054
670	MAL21	43.5472417	11.31360054
671	MAL20	43.5472417	11.31360054
672	MAL19	43.5472417	11.31360054
673	MAL18	43.5472417	11.31360054
674	MAL17	43.5472417	11.31360054
675	MAL16	43.5472417	11.31360054
676	MAL15	43.5472417	11.31360054
677	MAL12	43.5472417	11.31360054
678	MAL11	43.5472417	11.31360054
679	MAL10	43.5472417	11.31360054
680	MAL09	43.5472417	11.31360054
681	MAL08	43.5472417	11.31360054
682	MAL07	43.5472417	11.31360054
683	MAL05	43.5472417	11.31360054
684	MAL03	43.5472417	11.31360054
685	MAL01	43.5472417	11.31360054
686	NAV1	46.53619267	11.43127441
687	NAV02	46.53619267	11.43127441
688	NAV3	46.53619267	11.43127441
689	NAV04	46.53619267	11.43127441
690	NAV05	46.53619267	11.43127441
691	NAV06	46.53619267	11.43127441
692	NAV07	46.53619267	11.43127441
693	NAV08	46.53619267	11.43127441
694	NAV09	46.53619267	11.43127441
695	NAV15	46.53619267	11.43127441
696	NAV14	46.53619267	11.43127441
697	NAV13	46.53619267	11.43127441
698	NAV12	46.53619267	11.43127441
699	NAV10	46.53619267	11.43127441
700	VNZ34	46.5437496	12.94189453
701	VNZ31	46.5437496	12.94189453
702	VNZ30	46.5437496	12.94189453
703	VNZ29	46.5437496	12.94189453
704	VNZ28	46.5437496	12.94189453
705	VNZ26	46.5437496	12.94189453
706	VNZ25	46.5437496	12.94189453
707	VNZ24	46.5437496	12.94189453
708	VNZ21	46.5437496	12.94189453
709	VNZ17	46.5437496	12.94189453
710	VNZ15	46.5437496	12.94189453
711	VNZ07	46.5437496	12.94189453
712	VNZ05	46.5437496	12.94189453
713	VNZ01	46.5437496	12.94189453
714	MAD01	40.4594869	-3.703765869
715	PTG51	41.80919639	-8.583068848
716	PTG52	41.80919639	-8.583068848
717	PTG53	41.80919639	-8.583068848
718	PTG54	41.80919639	-8.583068848
719	PTG56	41.80919639	-8.583068848
720	PTG58	41.80919639	-8.583068848
721	PTG59	41.80919639	-8.583068848
722	PTG60	41.80919639	-8.583068848
723	PTG61	41.80919639	-8.583068848
724	PTG63	41.80919639	-8.583068848
725	PTG64	41.80919639	-8.583068848
726	PTG67	41.80919639	-8.583068848
727	PTG68	41.80919639	-8.583068848
728	PTG69	41.80919639	-8.583068848
729	PTG70	41.80919639	-8.583068848
730	PTG71	41.80919639	-8.583068848
731	PTG72	41.80919639	-8.583068848
732	ARA01	47.5172007	21.75292969
733	ARA02	47.5172007	21.75292969
734	ARA03	47.5172007	21.75292969
735	ARA05	47.5172007	21.75292969
736	ARA06	47.5172007	21.75292969
737	ARA08	47.5172007	21.75292969
738	ARA09	47.5172007	21.75292969
739	ARA10	47.5172007	21.75292969
740	ARA11	47.5172007	21.75292969
741	ARA12	47.5172007	21.75292969
742	ARA13	47.5172007	21.75292969
743	ARA15	47.5172007	21.75292969
744	ARA17	47.5172007	21.75292969
745	GIS06	44.37098696	25.57617188
746	GIS07	44.37098696	25.57617188
747	GIS11	44.37098696	25.57617188
748	GIS13	44.37098696	25.57617188
749	GIS15	44.37098696	25.57617188
750	GIS16	44.37098696	25.57617188
751	GIS17	44.37098696	25.57617188
752	GIS20	44.37098696	25.57617188
753	GIS22	44.37098696	25.57617188
754	GIS23	44.37098696	25.57617188
755	GIS25	44.37098696	25.57617188
756	GIS26	44.37098696	25.57617188
757	REC01	46.42271253	21.51123047
758	REC02	46.42271253	21.51123047
759	REC03	46.42271253	21.51123047
760	REC04	46.42271253	21.51123047
761	REC06	46.42271253	21.51123047
762	REC10	46.42271253	21.51123047
763	REC11	46.42271253	21.51123047
764	REC14	46.42271253	21.51123047
765	REC15	46.42271253	21.51123047
766	REC16	46.42271253	21.51123047
767	REC17	46.42271253	21.51123047
768	REC18	46.42271253	21.51123047
769	REC19	46.42271253	21.51123047
770	REC20	46.42271253	21.51123047
771	REC21	46.42271253	21.51123047
772	REC22	46.42271253	21.51123047
773	REC25	46.42271253	21.51123047
774	REC26	46.42271253	21.51123047
775	REC28	46.42271253	21.51123047
776	HER01	47.3983492	22.41210938
777	HER02	47.3983492	22.41210938
778	HER03	47.3983492	22.41210938
779	HER04	47.3983492	22.41210938
780	HER05	47.3983492	22.41210938
781	HER06	47.3983492	22.41210938
782	HER07	47.3983492	22.41210938
783	HER08	47.3983492	22.41210938
784	HER09	47.3983492	22.41210938
785	HER10	47.3983492	22.41210938
786	HER11	47.3983492	22.41210938
787	HER12	47.3983492	22.41210938
788	HER13	47.3983492	22.41210938
789	HER14	47.3983492	22.41210938
790	HER15	47.3983492	22.41210938
791	HER18	47.3983492	22.41210938
792	HER19	47.3983492	22.41210938
793	HER20	47.3983492	22.41210938
794	HER21	47.3983492	22.41210938
795	HER22	47.3983492	22.41210938
796	HER23	47.3983492	22.41210938
797	HER16A	47.3983492	22.41210938
798	HER16B	47.3983492	22.41210938
799	HER17A	47.3983492	22.41210938
800	HER17B	47.3983492	22.41210938
801	BUD05	47.53667412	19.04067993
802	BUD06	47.53667412	19.04067993
803	BUD07	47.53667412	19.04067993
804	BUD08	47.53667412	19.04067993
805	BUD09	47.53667412	19.04067993
806	CUT5	46.30330364	8.769836426
807	CUT10	46.30330364	8.769836426
808	CUT12	46.30330364	8.769836426
809	CUT13	46.30330364	8.769836426
810	CUT14	46.30330364	8.769836426
811	CUT15	46.30330364	8.769836426
812	CUT16	46.30330364	8.769836426
813	CUT19	46.30330364	8.769836426
814	CUT21	46.30330364	8.769836426
815	CUT23	46.30330364	8.769836426
816	CUT24	46.30330364	8.769836426
817	CUT25	46.30330364	8.769836426
818	CUT26	46.30330364	8.769836426
819	CUT27	46.30330364	8.769836426
820	CUT28	46.30330364	8.769836426
821	CUT29	46.30330364	8.769836426
822	CUT30	46.30330364	8.769836426
823	PER2	46.66451742	6.657714844
824	PER3	46.66451742	6.657714844
825	PER5	46.66451742	6.657714844
826	PER7	46.66451742	6.657714844
827	PER8	46.66451742	6.657714844
828	PER9	46.66451742	6.657714844
829	PER10	46.66451742	6.657714844
830	PER11	46.66451742	6.657714844
831	PER12	46.66451742	6.657714844
832	PER13	46.66451742	6.657714844
833	PER14	46.66451742	6.657714844
834	PER15	46.66451742	6.657714844
835	PER16	46.66451742	6.657714844
836	PER17	46.66451742	6.657714844
837	PER19	46.66451742	6.657714844
838	PER20	46.66451742	6.657714844
839	STA04	47.38812286	8.537750244
840	STA05	47.38812286	8.537750244
841	STA6	47.38812286	8.537750244
842	STA8	47.38812286	8.537750244
843	STA10	47.38812286	8.537750244
844	STA12	47.38812286	8.537750244
845	STA14	47.38812286	8.537750244
846	STA15	47.38812286	8.537750244
847	STA17	47.38812286	8.537750244
848	STA23	47.38812286	8.537750244
